=========================
Grafo com v:500 e k:5
Indice inicial do vértice:349, Indice final do vértice :153
Vértice Inicial:(458, 179), Vértice Final :(229, 69)
=========================
Resultado da busca: Busca Profunda
Caminho percorrido: [(458, 179), (378, 258), (448, 185), (349, 139), (252, 112), (335, 172), (229, 177), (319, 228), (235, 165), (215, 66), (129, 14), (230, 28), (287, 113), (216, 41), (134, 101), (36, 70), (136, 107), (238, 96), (144, 60), (222, 126), (261, 220), (333, 146), (249, 213), (231, 312), (267, 214), (332, 290), (299, 194), (195, 168), (205, 164), (104, 170), (23, 106), (31, 2), (144, 17), (223, 85), (300, 13), (290, 11), (353, 97), (329, 195), (235, 233), (277, 327), (272, 222), (208, 299), (245, 205), (295, 114), (193, 124), (178, 24), (119, 106), (29, 43), (115, 104), (158, 10), (81, 77), (79, 183), (144, 105), (229, 50), (331, 35), (377, 130), (286, 173), (294, 69), (235, 158), (151, 214), (242, 168), (244, 275), (208, 371), (277, 444), (185, 494), (88, 461), (116, 358), (189, 428), (272, 356), (304, 258), (382, 321), (465, 261), (386, 190), (312, 122), (328, 228), (417, 179), (487, 105), (445, 9), (338, 28), (386, 116), (397, 16), (465, 95), (462, 201), (370, 156), (458, 210), (360, 173), (423, 251), (323, 290), (271, 376), (168, 376), (267, 394), (223, 484), (189, 389), (97, 345), (186, 294), (212, 392), (229, 496), (128, 498), (202, 422), (99, 439), (62, 345), (147, 286), (52, 318), (151, 288), (85, 364), (39, 453), (77, 357), (77, 464), (52, 365), (90, 467), (188, 447), (275, 387), (196, 450), (301, 446), (362, 363), (274, 420), (373, 440), (470, 476), (370, 467), (271, 412), (361, 457), (283, 386), (199, 330), (258, 416), (158, 414), (79, 477), (112, 379), (13, 365), (14, 364), (95, 305), (101, 204), (42, 286), (60, 185), (166, 188), (199, 285), (124, 353), (222, 320), (198, 419), (120, 484), (202, 418), (261, 336), (234, 238), (321, 183), (331, 284), (430, 299), (486, 216), (418, 304), (428, 203), (454, 303), (417, 397), (381, 300), (338, 206), (269, 130), (170, 152), (229, 69)]
Tamanho do caminho percorrido: 155
Tempo de execução do algoritmo Busca por Profundidade: 0:00:00.025899
=========================
Resultado da busca: Busca por Largura
Caminho percorrido: [(458, 179), (378, 258), (387, 90), (498, 70), (349, 139), (338, 206), (448, 185), (299, 194), (290, 313), (362, 363), (486, 270), (386, 190), (483, 121), (487, 105), (287, 113), (321, 183), (486, 177), (397, 16), (417, 152), (383, 67), (252, 112), (368, 40), (428, 203), (448, 168), (331, 35), (269, 130), (242, 168), (235, 233), (304, 309), (490, 79), (195, 168), (223, 269), (248, 288), (357, 102), (206, 138), (208, 371), (271, 412), (326, 219), (267, 214), (190, 283), (274, 420), (344, 468), (404, 264), (282, 287), (257, 326), (468, 170), (476, 375), (471, 376), (381, 300), (374, 283), (312, 122), (487, 194), (286, 173), (486, 216), (489, 16), (377, 130), (421, 207), (426, 30), (495, 11), (445, 9), (489, 0), (216, 41), (245, 205), (300, 12), (259, 15), (314, 211), (331, 284), (221, 170), (418, 213), (354, 279), (372, 271), (433, 90), (425, 265), (393, 121), (437, 274), (376, 162), (465, 95), (290, 11), (294, 57), (313, 145), (348, 73), (321, 206), (295, 121), (482, 102), (472, 8), (335, 172), (170, 178), (347, 64), (144, 105), (295, 114), (474, 23), (454, 303), (358, 280), (477, 275), (299, 138), (229, 69)]
Tamanho do caminho percorrido: 96
Tempo de execução do algoritmo Busca por Largura: 0:00:00.018847
=========================
Resultado da busca: Best First
Caminho percorrido: [(458, 179), (378, 258), (448, 185), (299, 194), (290, 313), (208, 371), (277, 444), (271, 412), (326, 219), (151, 288), (361, 457), (85, 364), (39, 453), (77, 464), (122, 457), (267, 214), (332, 290), (272, 291), (423, 251), (52, 365), (304, 309), (360, 173), (404, 264), (348, 73), (272, 222), (208, 299), (245, 205), (168, 238), (312, 122), (372, 271), (303, 277), (248, 93), (148, 97), (331, 35), (136, 197), (151, 214), (68, 220), (242, 168), (346, 122), (232, 39), (133, 65), (33, 56), (53, 321), (77, 357), (231, 312), (267, 394), (223, 484), (235, 233), (112, 336), (86, 435), (168, 376), (14, 364), (297, 200), (192, 6), (221, 170), (124, 141), (295, 121), (193, 124), (178, 24), (119, 106), (115, 104), (277, 327), (13, 365), (109, 335), (101, 234), (40, 152), (196, 395), (189, 428), (158, 10), (190, 283), (222, 320), (198, 419), (120, 484), (202, 422), (204, 280), (314, 211), (252, 112), (358, 280), (259, 259), (374, 180), (188, 160), (158, 64), (304, 258), (382, 321), (377, 327), (465, 261), (295, 114), (300, 12), (353, 97), (286, 173), (290, 11), (220, 148), (235, 158), (199, 285), (188, 185), (271, 376), (63, 116), (4, 371), (85, 314), (219, 106), (226, 6), (313, 145), (87, 59), (297, 233), (294, 69), (193, 242), (147, 286), (52, 318), (172, 189), (185, 494), (284, 467), (207, 377), (245, 281), (79, 211), (172, 174), (180, 213), (26, 124), (122, 127), (103, 28), (23, 106), (102, 130), (36, 70), (31, 2), (283, 386), (199, 330), (262, 485), (322, 481), (97, 345), (258, 416), (158, 414), (79, 477), (104, 371), (137, 466), (69, 389), (396, 373), (351, 403), (418, 481), (317, 464), (252, 115), (198, 278), (337, 31), (308, 422), (403, 390), (261, 220), (202, 418), (112, 379), (50, 298), (170, 178), (250, 14), (471, 376), (196, 450), (121, 12), (42, 286), (60, 185), (64, 387), (64, 184), (60, 34), (107, 126), (28, 132), (95, 342), (112, 442), (37, 498), (81, 493), (412, 489), (420, 376), (458, 470), (362, 363), (274, 420), (373, 440), (196, 487), (229, 350), (330, 324), (430, 299), (486, 216), (482, 211), (235, 165), (269, 130), (151, 355), (437, 274), (376, 162), (259, 15), (354, 289), (447, 250), (454, 303), (417, 397), (417, 152), (413, 152), (499, 207), (372, 176), (240, 323), (155, 377), (168, 480), (221, 308), (333, 146), (335, 172), (377, 130), (471, 90), (397, 16), (465, 95), (81, 135), (44, 229), (111, 37), (215, 66), (317, 65), (216, 41), (129, 14), (240, 496), (88, 28), (220, 196), (382, 342), (229, 496), (128, 498), (327, 468), (223, 459), (299, 234), (347, 64), (446, 87), (250, 33), (282, 287), (379, 321), (477, 275), (476, 375), (440, 373), (386, 190), (487, 194), (486, 177), (95, 134), (0, 90), (418, 436), (440, 336), (498, 252), (403, 431), (491, 150), (415, 331), (171, 309), (166, 188), (487, 105), (445, 9), (489, 0), (195, 168), (223, 269), (248, 288), (206, 478), (433, 222), (323, 290), (401, 355), (186, 294), (328, 228), (428, 203), (95, 305), (36, 322), (244, 275), (140, 57), (344, 468), (416, 390), (117, 468), (374, 283), (311, 288), (421, 207), (152, 263), (84, 186), (73, 129), (44, 425), (381, 300), (59, 405), (59, 234), (306, 276), (249, 213), (22, 21), (443, 229), (131, 219), (234, 238), (374, 396), (189, 389), (321, 183), (331, 284), (241, 239), (418, 213), (299, 138), (229, 69)]
Tamanho do caminho percorrido: 280
Tempo de execução do algoritmo Busca Best First: 0:00:00.062565
=========================
Resultado da busca: A*
Caminho percorrido: [(458, 179), (349, 139), (252, 112), (387, 90), (287, 113), (338, 206), (269, 130), (242, 168), (331, 35), (229, 69)]
Tamanho do caminho percorrido: 10
Tempo de execução do algoritmo Busca A*: 0:00:00.001597
=========================
Resultado da busca: A
Caminho percorrido: [(458, 179), (349, 139), (252, 112), (387, 90), (287, 113), (338, 206), (269, 130), (242, 168), (331, 35), (229, 69)]
Tamanho do caminho percorrido: 10
Tempo de execução do algoritmo Busca A: 0:00:00.001663
=========================
