=========================
Grafo com v:50 e k:3
Indice inicial do vértice:32, Indice final do vértice :37
Vértice Inicial:(46, 13), Vértice Final :(25, 41)
=========================
Resultado da busca: Busca Profunda
Caminho percorrido: [(46, 13), (43, 24), (44, 36), (50, 48), (42, 28), (37, 19), (40, 8), (33, 16), (34, 15), (44, 15), (32, 15), (31, 27), (22, 21), (34, 22), (24, 25), (28, 14), (35, 5), (45, 17), (45, 12), (38, 3), (34, 6), (32, 0), (20, 2), (33, 7), (24, 1), (37, 3), (31, 18), (28, 31), (28, 40), (15, 44), (22, 29), (25, 41)]
Tamanho do caminho percorrido: 32
Tempo de execução do algoritmo Busca por Profundidade: 0:00:00.000380
=========================
Resultado da busca: Busca por Largura
Caminho percorrido: [(46, 13), (43, 24), (34, 15), (38, 3), (44, 36), (45, 12), (50, 14), (44, 15), (31, 27), (32, 15), (50, 48), (28, 40), (37, 19), (42, 28), (33, 16), (34, 22), (22, 21), (45, 17), (15, 44), (24, 25), (40, 8), (34, 6), (28, 31), (22, 29), (28, 14), (32, 0), (35, 5), (31, 18), (25, 41)]
Tamanho do caminho percorrido: 29
Tempo de execução do algoritmo Busca por Largura: 0:00:00.000396
=========================
Resultado da busca: Best First
Caminho percorrido: [(46, 13), (43, 24), (44, 36), (34, 15), (44, 15), (33, 16), (34, 6), (35, 5), (28, 14), (37, 19), (40, 8), (32, 0), (32, 15), (22, 21), (45, 12), (50, 14), (34, 22), (24, 25), (20, 2), (38, 3), (45, 17), (50, 48), (33, 7), (24, 1), (31, 18), (37, 3), (31, 27), (42, 28), (28, 31), (28, 40), (15, 44), (22, 29), (25, 41)]
Tamanho do caminho percorrido: 33
Tempo de execução do algoritmo Busca Best First: 0:00:00.000635
=========================
Resultado da busca: A*
Caminho percorrido: [(46, 13), (43, 24), (34, 15), (31, 27), (44, 36), (28, 40), (38, 3), (32, 15), (44, 15), (34, 22), (22, 21), (42, 28), (45, 12), (28, 31), (50, 14), (33, 16), (50, 48), (15, 44), (45, 17), (37, 19), (24, 25), (34, 6), (22, 29), (25, 41)]
Tamanho do caminho percorrido: 24
Tempo de execução do algoritmo Busca A*: 0:00:00.000436
=========================
Resultado da busca: A
Caminho percorrido: [(46, 13), (43, 24), (34, 15), (31, 27), (44, 36), (28, 40), (38, 3), (32, 15), (44, 15), (34, 22), (22, 21), (42, 28), (45, 12), (28, 31), (50, 14), (33, 16), (50, 48), (15, 44), (45, 17), (37, 19), (24, 25), (34, 6), (22, 29), (25, 41)]
Tamanho do caminho percorrido: 24
Tempo de execução do algoritmo Busca A: 0:00:00.000436
=========================
